Donnees pour max = 67108864 tranches:
portee_trapeze =[151.68291633348147, 164.40152833008693, 168.05351274359418, 169.07259953746137, 169.34837238060297, 169.4207528140326, 169.439286221596, 169.44396211497275, 169.44513437407602, 169.4454276607123, 169.44550099655692, 169.44551933140974, 169.44552391517917, 169.4455250611247, 169.44552534761215, 169.4455254192338, 169.4455254371387, 169.44552544161442, 169.44552544273665, 169.44552544301348, 169.44552544308942, 169.4455254431025, 169.44552544310076, 169.4455254431083, 169.44552544308107, 169.4455254430709, 169.44552544310255]
err_trapeze =[50.56097211116049, 4.23953733220182, 1.2173281378357501, 0.3396955979557295, 0.09192428104719852, 0.024126811143209654, 0.006177802521136755, 0.001558631125580708, 0.00039075303442359655, 9.776221209752596e-05, 2.4445281534705526e-05, 6.111617608439701e-06, 1.5279231414903431e-06, 3.8198184408126207e-07, 9.54958162916834e-08, 2.3873885387123057e-08, 5.968303184999968e-09, 1.4919028975176236e-09, 3.7407706561983406e-10, 9.227581661737834e-11, 2.53142691993465e-11, 4.3579954459952814e-12, 5.779080917515481e-13, 2.5105843330190205e-12, 9.075999211442346e-12, 3.3916573253615448e-12, 1.0553928101823354e-11]
portee_romberg =[151.68291633348147, 168.64106566228872, 169.31282589603933, 169.423453982873, 169.442562485528, 169.44524650688942, 169.44550943045792, 169.44552495579194, 169.44552543618542, 169.4455254430654, 169.44552544310704, 169.4455254431067, 169.4455254431073, 169.44552544310682, 169.4455254431081, 169.44552544310767, 169.445525443107, 169.44552544310628, 169.4455254431111, 169.4455254431053, 169.4455254431155, 169.44552544310616, 169.44552544309963, 169.44552544311176, 169.4455254430685, 169.44552544306717, 169.44552544311716]
err_romberg =[50.56097211116049, 4.2395373322018175, 0.04198501460941223, 0.00172856385677622, 7.464258849595135e-05, 2.6211146107789493e-06, 6.419032434439966e-08, 9.475911884851099e-10, 7.330222405177486e-12, 2.62450851154839e-14, 3.9713971699600736e-17, 8.569593189199599e-20, 3.6726821386443573e-20, 7.268849741124032e-21, 4.782137934137043e-21, 4.0648172326595186e-22, 1.6139715471345216e-22, 4.0349288671317126e-23, 7.023765064700428e-23, 2.1108655646342714e-23, 9.293412552236148e-24, 2.1307133050024374e-24, 3.7068573936337452e-25, 1.7220833560974933e-25, 1.536010790078468e-25, 1.2085595587018793e-27, 1.1105066133732356e-26]
liste_tranches =[1, 2, 4, 8, 16, 32, 64, 128, 256, 512, 1024, 2048, 4096, 8192, 16384, 32768, 65536, 131072, 262144, 524288, 1048576, 2097152, 4194304, 8388608, 16777216, 33554432, 67108864]
